10
10 10 3
0 0 0 0 1 0 0 1 0 1
1 0 0 0 1 0 0 1 1 1
0 1 0 1 0 0 1 0 0 0
1 0 0 1 0 0 0 0 0 1
0 0 0 0 0 0 0 0 1 1
1 0 0 0 1 1 0 0 1 0
1 0 1 1 0 1 1 0 0 0
1 0 0 0 0 1 1 1 1 1
0 0 0 1 1 0 0 1 1 1
1 0 1 1 0 0 0 1 0 1
10 10 4
0 0 1 0 1 1 1 0 0 0
0 1 1 0 1 1 1 0 0 1
0 0 1 0 1 1 1 1 0 1
0 0 1 1 0 0 0 0 1 1
0 0 1 1 1 0 0 0 0 0
1 1 1 0 0 0 1 0 1 0
1 1 1 1 1 0 1 0 0 0
0 1 1 0 0 1 1 1 1 1
0 1 0 1 0 1 0 0 0 1
0 1 0 0 0 1 1 1 0 1
5 5 2
0 1 0 1 0
0 0 1 0 1
1 0 1 1 1
1 0 0 0 0
1 0 0 1 1
5 5 2
1 1 0 1 0
1 0 0 0 1
1 0 0 0 1
0 0 0 1 1
0 1 1 0 1
10 10 1
0 1 1 1 0 1 1 0 0 0
0 0 0 1 0 0 1 0 1 1
1 1 1 1 0 0 1 1 0 1
0 0 0 1 1 1 1 0 1 1
0 1 1 1 1 1 1 1 1 1
0 1 1 0 0 0 1 1 1 1
0 1 1 0 1 0 0 0 0 0
1 0 1 0 1 0 1 0 1 1
0 1 0 0 0 0 0 1 0 0
0 0 0 0 1 1 1 1 0 1
5 5 3
1 0 1 1 0
1 1 1 1 0
1 1 0 1 1
0 1 1 0 1
0 0 1 0 0
5 5 1
1 0 1 1 0
0 0 1 1 0
1 1 0 1 1
0 1 0 0 1
1 1 1 1 0
5 5 1
0 0 1 1 0
1 0 0 0 0
1 0 0 0 0
0 0 0 1 1
0 0 1 1 0
5 5 1
1 1 0 0 1
0 0 1 0 1
1 1 0 1 1
1 0 0 0 1
1 0 0 0 0
5 5 3
1 0 0 0 1
0 1 1 0 1
1 0 0 1 0
0 1 0 0 0
1 0 1 0 0