6
3 4 15
1 2 6 7
12 14 15 17
24 26 28 43
5 5 125
1 2 7 8 12
21 42 62 84 90
101 116 121 125 132
252 362 754 1241 2151
5002 12522 15627 17373 25021
2 4 5
2 6 7 8
12 32 72 84
5 5 465
74 163 221 297 312
370 389 457 465 491
532 613 651 676 747
826 911 920 956 1017
1096 1102 1130 1183 1263
5 5 979
61 108 120 192 200
257 303 332 401 404
483 502 529 551 586
625 715 791 865 899
920 979 981 988 1087
5 5 1203
6 42 119 218 280
334 374 463 503 529
554 620 648 699 737
770 866 940 1014 1073
1088 1100 1175 1203 1208